1789368711
3146859322
43676229
3522623596
3544234957
3448207591
1282648386
3672791226
1582316135
4001984784
831769172
1160692746
2430986565
1873586768
694443915
1602297017
533722196
3754550193
1859447115
1121373020
2414108708
2693866766
748799881
2627529228
2376066489
802338724
1524289825
3170323834
4114856911
3147651300
392105170
2280811246
4203226770
3158478146
1770039327
2512780184
2164385946
715425150
636282949
883535681
3087940365
334328971
815920853
3595189472
1466990855
1383146204
101022850
1970696522
1458217729
115405912
4155305506
2193481764
4203907334
2966580966
3197732170
1784466476
14837456
28661629
4038293608
2851428860
3739915678
703545808
3310708287
2491550214
768256981
1230830159
427347648
2802639285
1780403418
454807410
3803350155
2926646169
2482860596
780196821
3163596524
1610622952
999100022
4123900225
2248834465
2559793292
3046791529
3921881512
3542634833
1416878696
3466573480
172876772
997755750
514546904
3750322349
2144154578
929346862
3166216324
3444130998
3247205793
2384073200
2876381872
798126737
1106956950
2528054762
1862620952
2225821206
3934313222
4117424106
557783327
178409576
4208113349
704968570
1294188245
4223209779
3713218352
3574292779
40186061
645415300
4144687296
984032715
1502067441
2315581263
1468736550
674227543
1657913417
1390541744
55156612
211824461
261520332
3056630701
1911749060
337424446
1666878690
4271792710
3432012163
3953817345
770881480
3387994226
50290518
3317458042
3059454021
1579484125
924924403
2915020814
2201271170
3269581508
521859578
2064918280
2670821442
264248081
59346766
2689095970
2112225325
1399132103
3315662701
2620312598
4149205484
1807444469
3962554730
4091088573
2361415024
865842302
1564601125
3302212940
2846903957
3000300330
512740212
2390419887
642782584
343796144
2125549444
708462183
3833279531
4154444448
1441200730
990602136
872961683
702411975
699029413
1238220487
644865884
2306915116
389105781
2231722296
2988095887
14310016
629391248
13679300
2824732618
2130589338
3805079419
793943987
3587428066
2609196220
4010679415
3429372598
3653347993
411772564
1135068296
2169676485
3221325734
1744349983
283968096
3394971001
3227478447
4100804125
1979401237
1789791092
781415963
1044827164
3946794250
3773014397
791653047
117148288
1601651746
1419340007
755745026
1695546319
763869880
764434886
2455190352
2920298049
3536805149
2225936643
3836822875
1069191634
4123942929
1774898299
2204201154
2971616164
1793288274
1395709893
516021060
290794975
2764839632
1977845528
3193586770
837795574
2697857211
2668517008
2453435172
867108379
3217572709
579931191
2280465594
3839533799
1001759367
1418576404
2438957359
1255441457
538420893
2311804600
2191844850
2978052978
3313065797
2881910672
3828894699
3429075897
254273000
1116417307
3338090224
1833418371
189150438
1563197532
3432665132
2219153923
2301680987
2465509901
461994121
2702772448
3259138515
291860187
670759517
1594366361
3781039809
3043258824
2726476794
151729559
1180815479
3205068477
1907345581
2945924157
1583491369
1725680708
1319647474
1929175885
2621534950
1135334729
1339379907
3166340379
2115305006
2063325630
216313105
1138722478
1913657919
126068782
943325953
1482070683
584416426
3955630635
8740459
2904020278
4164370155
2686942143
3455653957
4010987918
357098096
131447442
477002704
2587530597
3745826228
807242372
3706331730
1704862658
2106801613
780977054
1170907779
1499501014
895730086
3871390824
1289128567
3115536103
1354226240
3634795044
1667642497
324200093
2649358005
1292112479
1582289754
3367944284
3715051536
173736832
1800698992
814851883
689454794
351572286
613512922
3511377287
1316460133
997489600
1429504292
1822319338
862881628
59511563
643824796
488194225
4087549296
2207597138
135403839
3398652920
4282768895
1464698897
1684217249
1371591319
3721518527
175286829
1036623989
427847656
2081501960
637866588
2484167908
885870541
1113059774
2447482040
2286455964
1541435553
680262627
4199305883
3183610739
1220243002
163264112
3677692542
3742853967
394167372
403665601
2266045097
890466113
2359974269
2165524721
2823064936
4128870299
1761521794
4212152981
2250516326
65343060
3340679186
2233342679
651125047
2527332478
2283288080
1397402968
2525790393
3274990238
3357363412
3865468554
703134217
1964838326
1780634802
1888128276
105524297
1596659931
2845656437
117478267
3728158344
1668311292
1518389268
2895464616
3505834993
2323186140
2826210994
2552407436
73180014
1371114670
2019665349
1879663618
196447606
1370148607
1345278514
1672794915
3438718665
1281913577
538847245
1630875372
2428243618
2673745036
243605499
2449243993
471697096
2088099502
4089514512
509800571
414066533
2640479702
747814339
142851377
4037591988
219966046
1326504494
3586301162
929819720
2255177236
414273893
1977601016
2144306979
2014756451
252935743
1818300119
945122136
3878461206
953991455
1415286941
3200378073
3369720142
696344538
1645834419
2526032273
2333352916
1038056380
4291781075
4268429300
2946490391
4254758773
2025376039
3967921393
774895479
3865829391
895366567
2378097579
2466923557
3997994438
2367199917
2748177664
918603153
684578284
2889491487
3145413290
1956147686
3647657701
3260013851
62068790
2794340296
837171201
314445888
3368543615
3864208883
3298748680
299569530
2407675605
3469645661
525317338
405717978
1139253888
2434594777
1012389557
917364322
4211575611
1192383506
967762386
2137477854
1589662522
3153325678
2959373613
1918704963
2848277575
1733218298
2414598301
1070019295
2794634930
1935319226
3715173650
3595290271
3925408994
2166529386
465775999
2225359665
129400056
2202790517
3923841029
2320146969
3909559928
2924385623
1580460111
1025780724
1716686123
2118346017
2941665565
353983588
1810367977
1999554561
476860985
1407704745
1070397406
1907886757
1304466623
1823786068
2431794380
535181635
735345769
936149773
3129455980
2649389906
4165212002
3954221320
1652894757
1126237838
2449483289
3783053809
2732657093
3338690720
3427304337
755930389
2702021665
24048374
2218437649
3144652719
3094534277
1186623398
102027018
3463208799
4036380160
2058644648
3859597985
1427215209
2979924276
2710952589
865947338
3394619673
2686949625
1297998556
120791357
3122970688
1708106163
1576358331
925004793
4020869189
2410496947
4234920726
1075577006
989759644
396343183
3951502981
3409620485
876295003
1079203231
3943988529
2403937317
25123659
71075360
649979099
2420052982
2499821888
3389801143
3989030677
3371518122
572551567
1410421452
915643137
551491018
3597472507
2617681611
2675705165
1316439640
2191300002
1227572290
124533305
902434339
1841400310
1689304230
3958006552
2930050511
2495568570
1724615880
3397200879
2776469985
2750574613
3125981511
2836851831
3480401142
1890466964
2451528959
2415789275
4253378170
1202505984
2156389514
1213198103
2307185686
314113013
2827482666
2049964430
